00083	9
10000	1
10001	422
10002	227
10003	307
10004	74
10005	86
10006	25
10007	130
10009	76
10010	166
10011	344
10012	225
10013	470
10014	271
10016	140
10017	148
10018	156
10019	480
10020	82
10021	92
10022	161
10023	324
10024	85
10025	79
10026	60
10027	155
10028	43
10029	83
10030	37
10031	120
10032	83
10033	45
10034	9
10035	27
10036	516
10037	14
10038	110
10039	22
10040	12
10041	10
10044	8
10045	10
10048	13
10065	113
10069	3
10075	54
10097	1
10103	12
10105	213
10106	55
10110	2
10111	8
10112	17
10115	4
10118	4
10119	10
10120	2
10121	145
10128	68
10151	1
10152	26
10154	4
10158	1
10165	13
10167	11
10170	6
10171	17
10172	14
10173	12
10174	3
10175	2
10177	11
10178	4
10271	2
10278	7
10280	6
10281	4
10282	20
10310	1
10454	13
10455	2
10457	2
10458	3
10459	1
10460	1
10462	2
10463	1
10465	1
10468	1
10472	1
10473	2
10474	2
11038	1
11101	34
11106	12
11109	1
11201	44
11204	1
11205	3
11206	1
11207	1
11208	1
11209	1
11211	14
11213	1
11215	2
11216	2
11217	7
11218	1
11219	2
11220	1
11221	1
11222	27
11225	1
11226	3
11231	6
11232	1
11237	3
11238	1
11249	5
11357	2
11366	1
11375	3
11378	2
11385	6
11414	1
11415	1
11420	1
11432	1
11435	1
N/A	1
